348.10
430.64
353.02
733.08
55.02
233.13
439.84
263.52
348.22
275.96
504.94
269.65
386.96
253.46
468.91
310.09
301.20
257.60
333.16
265.60
342.88
370.92
244.49
440.85
365.30
263.73
404.27
347.22
305.55
268.44
457.99
552.15
205.75
282.36
432.92
476.84
252.86
348.14
386.16
191.42
559.52
238.68
347.17
378.29
669.25
426.66
264.58
265.97
563.65
181.17
384.40
286.84
308.49
341.96
327.71
580.20
94.09
195.99
413.71
328.76
284.48
337.92
279.55
418.75
239.97
398.82
446.21
264.56
519.19
240.08
556.56
318.59
353.90
182.79
505.34
592.85
160.92
369.31
372.23
369.30
255.36
384.02
375.82
437.50
445.22
348.13
276.56
331.46
705.01
42.80
417.01
421.05
200.55
520.92
253.84
364.43
434.47
217.54
326.85
417.68
298.73
401.83
256.84
166.53
266.29
506.11
210.27
274.15
294.33
358.78
820.28
1.38
466.11
256.57
272.88
429.41
308.83
330.53
402.42
174.43
369.54
148.45
591.92
179.50
500.73
365.32
171.25
420.96
0.00
388.68
478.85
332.91
269.99
945.69
0.00
334.79
337.12
250.58
6137.21
0.03
432.60
170.61
614.10
267.30
275.11
239.15
327.68
11986.59
0.00
337.46
220.79
892.45
1.30
426.61
296.94
280.05
292.76
367.03
451.69
264.91
344.04
260.04
340.26
293.93
2.52
363.36
428.41
401.82
221.36
312.83
433.26
457.36
311.11
302.22
290.04
327.96
482.42
245.63
285.42
385.29
470.64
383.44
247.76
322.44
183.71
266.20
437.71
495.50
160.94
422.37
472.73
386.29
362.27
143.83
296.65
452.36
157.24
312.10
370.85
462.57
296.64
460.31
245.42
358.78
237.69
446.13
278.60
265.05
346.25
400.98
283.76
284.24
272.22
355.37
262.48
396.20
437.32
4.07
8896.71
0.00
317.05
7836.28
0.00
374.18
182.29
434.88
350.00
275.81
321.24
8037.30
0.00
233.53
249.79
369.24
475.08
270.34
276.52
464.55
335.28
207.60
278.21
299.33
456.37
361.51
408.85
156.14
279.80
332.20
235.64
456.27
407.80
165.39
345.95
406.97
296.95
583.37
377.28
148.24
229.82
468.03
162.37
303.59
295.57
582.48
128.77
294.25
8708.01
0.02
241.30
250.05
338.57
222.50
449.69
403.73
178.19
757.95
128.70
490.49
104.79
328.87
265.05
355.45
251.96
211.11
521.77
140.88
335.99
229.95
361.20
324.40
376.97
495.63
155.08
364.74
204.51
375.53
292.54
439.95
367.24
142.13
252.30
450.01
351.37
156.69
481.86
450.40
272.74
236.10
406.25
360.33
144.46
281.15
510.72
170.50
299.64
347.98
289.07
289.05
225.97
336.17
239.73
371.63
307.69
439.93
219.05
280.72
285.38
356.25
347.73
265.96
269.77
423.94
236.68
140.99
359.43
247.79
245.96
233.31
346.63
518.49
80.73
357.10
295.54
782.04
0.00
311.24
285.57
611.06
235.97
253.76
280.63
342.52
353.23
186.27
442.55
218.22
70.55
425.72
188.07
327.54
373.39
107.22
261.24
442.86
280.78
315.22
492.99
188.04
507.74
4.80
226.28
276.00
299.81
240.64
313.04
363.15
264.25
255.12
437.78
320.22
246.86
354.10
301.68
275.18
540.48
130.25
213.99
518.80
389.96
138.83
258.80
316.74
291.89
363.68
287.40
3.23
334.15
237.70
479.03
303.58
191.69
297.88
306.67
480.51
739.22
0.25
217.50
664.02
111.37
365.24
200.42
354.37
238.61
410.20
292.91
0.19
276.05
335.22
396.03
271.86
237.20
291.45
299.12
244.32
294.21
135.07
541.30
187.40
449.98
505.93
94.39
531.60
133.33
243.39
381.55
246.35
380.28
307.89
61.68
228.74
330.91
221.15
380.50
414.50
154.55
566.70
187.98
169.88
336.61
237.92
355.80
248.31
326.32
311.03
243.18
489.08
397.41
187.17
231.38
290.38
188.59
135.20
357.64
502.09
0.00
300.84
298.86
368.76
221.94
368.09
239.06
289.61
363.64
181.39
345.52
251.17
357.25
346.38
154.86
369.26
304.30
260.60
258.21
232.43
362.11
303.40
547.79
627.83
15637.01
0.00
111.17
351.49
2523.66
0.01
302.27
385.56
91.40
280.70
378.43
217.78
386.48
315.74
280.70
153.99
349.68
255.21
211.58
196.32
367.29
0.00
608.32
100.33
200.29
301.16
195.34
396.12
437.70
345.15
291.59
328.60
164.03
215.84
320.09
294.32
291.64
281.98
165.21
485.75
65.02
321.16
320.06
294.11
317.62
162.14
562.77
252.68
107.59
409.91
237.25
391.04
194.38
374.23
190.23
260.15
286.65
209.08
384.14
320.47
210.61
231.74
305.77
183.61
295.02
319.52
335.78
545.24
59.76
362.98
231.22
246.84
290.09
223.06
304.32
329.36
275.00
390.40
276.36
234.21
332.74
152.05
654.42
132.13
255.04
267.11
226.35
223.65
423.62
259.92
408.97
195.91
326.41
351.30
503.35
277.57
52.05
351.43
261.49
252.41
340.95
271.76
261.01
380.10
210.70
0.39
501.74
54.61
343.42
165.55
241.10
408.28
279.01
231.27
242.79
290.19
312.27
265.99
249.43
209.71
239.96
233.43
271.79
493.81
1249.57
0.00
324.82
223.38
299.86
321.91
245.90
350.12
273.37
166.78
243.32
341.39
244.96
196.00
279.76
255.01
265.90
352.72
270.21
239.67
237.24
339.33
187.06
348.77
12.36
261.01
395.01
101.70
463.05
168.54
0.00
329.45
162.25
309.87
269.19
264.60
288.97
256.55
449.98
62.97
314.48
234.43
216.79
430.56
204.97
285.51
137.26
282.17
249.98
219.80
290.90
356.71
443.09
106.24
317.86
425.48
148.36
152.36
481.56
196.03
314.43
212.68
313.80
201.59
420.37
224.34
326.31
216.68
146.89
235.41
150.78
181.38
332.80
223.83
331.11
223.96
375.34
268.81
151.14
241.82
528.06
98.19
179.16
391.72
194.56
315.10
200.79
353.47
187.46
401.74
180.95
177.48
160.04
49.81
230.95
169.49
253.75
168.18
330.17
183.03
241.26
203.86
855.35
0.91
278.21
282.34
269.87
190.76
1181.09
3.73
217.99
315.00
224.74
242.64
237.24
291.59
138.94
296.01
220.10
277.11
323.33
0.19
319.41
150.63
381.43
313.99
283.24
16394.77
0.00
114.61
243.59
260.87
238.62
234.39
219.34
376.95
127.89
241.07
450.77
127.24
306.95
185.24
315.75
234.52
160.77
299.21
173.54
332.27
320.21
208.15
424.50
73.75
387.17
351.12
303.35
254.86
337.90
147.66
242.24
338.75
48.23
272.99
211.34
182.27
368.22
592.47
175.83
49.17
358.86
346.37
398.63
11.33
246.22
288.35
435.26
159.74
201.10
296.15
198.33
391.43
101.17
256.99
434.36
294.99
148.05
4306.46
0.00
411.25
170.08
214.48
263.39
266.00
190.64
261.72
281.27
305.77
200.76
173.20
301.22
210.94
320.63
155.02
219.84
8010.49
0.00
145.23
274.16
167.22
531.69
43.92
277.93
243.20
451.51
67.03
512.77
45.67
321.50
258.04
167.75
284.11
505.54
320.38
40.47
308.83
269.31
108.25
174.70
268.61
290.07
147.25
189.83
293.61
202.52
346.75
181.53
457.88
137.88
171.16
308.76
187.85
263.88
309.90
130.83
348.27
403.73
204.57
78.77
223.86
225.95
219.00
447.36
226.50
228.85
195.34
180.86
333.05
439.11
19.06
355.31
233.13
311.67
127.26
838.81
1.91
115.43
322.14
298.51
176.93
224.59
230.66
171.78
563.04
126.86
103.88
230.14
347.09
185.64
207.41
193.09
204.20
381.79
213.22
335.32
276.79
244.98
104.06
419.33
115.76
230.69
152.51
883.09
2.99
2894.14
0.00
582.78
5.52
352.57
230.47
295.80
212.25
133.33
182.08
281.23
232.04
290.52
135.33
184.40
712.52
24.38
265.77
229.86
146.81
324.07
173.16
203.18
1507.70
0.00
378.12
349.75
0.07
230.88
225.88
273.33
417.85
147.64
166.92
238.06
276.31
154.74
178.15
188.68
353.09
167.09
247.14
358.07
193.36
218.47
174.35
340.49
320.42
141.88
288.06
135.50
345.56
122.22
165.35
554.05
42.86
203.33
21402.92
0.00
2.33
433.56
13.59
217.86
74.26
114.97
314.21
136.88
268.86
376.38
331.39
48.67
1411.12
1.64
209.14
264.33
295.63
79.60
243.72
259.10
304.46
150.58
222.56
438.14
0.22
334.07
308.93
126.72
212.97
306.23
149.16
330.15
366.96
0.00
122.70
387.33
236.58
