35827.30
65257.02
145142.90
100213.87
12825.39
21925.70
37155.54
38374.53
145385.51
13299.92
43858.13
13861.43
107710.25
68741.61
54898.70
23014.80
37323.17
43377.11
130887.75
13832.75
51680.71
44204.51
107666.33
6354.02
15792.96
22583.81
37030.61
4010.06
80734.35
63112.73
117488.72
73689.38
97222.99
35861.45
68610.50
25722.91
1954.10
33453.52
78133.87
46759.78
80440.51
106272.69
46737.22
66889.24
87917.07
35866.87
49046.37
25860.05
26512.76
54766.06
93121.67
46999.39
38277.78
8712.64
78622.68
38199.68
32446.91
113941.37
33482.70
79274.69
34126.20
87159.18
21841.23
29724.93
80687.06
46761.46
76696.63
75736.27
79663.48
10694.65
7023.40
19570.47
21379.64
66098.54
48437.51
31501.88
84754.39
60545.09
104285.77
48875.77
35714.50
456.84
78800.55
32151.75
70433.93
29673.42
49244.37
60834.80
40981.46
47348.00
82363.71
18776.40
87724.82
28313.91
89238.22
44514.73
143289.38
47411.71
50600.35
104547.93
8642.60
42247.47
3606.98
26757.76
66857.38
51718.32
76088.93
89031.03
32089.11
28219.29
107773.62
32280.92
25.81
99930.17
39112.44
14189.71
36817.29
58074.71
45290.81
51244.61
61656.06
1274.16
68865.93
68645.90
91315.28
8169.29
95763.46
16513.99
57807.47
37208.34
87345.13
1285.66
36723.36
37859.27
657.04
27660.65
13820.14
63796.67
30344.86
25831.65
93212.57
8516.96
50256.82
76967.13
30833.69
58715.07
54628.26
97540.72
11085.66
123195.63
46665.58
3362.47
78877.42
42865.99
51776.69
3074.51
47970.07
20.76
19973.71
7526.37
31322.10
39714.37
62764.66
75155.70
1285.05
51007.28
1219.54
24449.73
49813.58
1219.33
1260.80
32745.35
34142.26
49319.05
20784.57
1198.18
89819.04
36007.10
53944.04
1206.94
30731.65
80959.61
1279.63
59476.39
13869.98
73445.73
35812.47
28982.77
52396.18
27067.73
1285.33
38980.54
33783.88
874.00
33673.46
70545.25
1280.29
1069.26
1101.31
34117.92
7306.61
1231.30
23022.92
23493.24
39632.08
19346.93
14415.63
1410.29
1271.99
1276.76
1034.22
143730.01
639.20
17660.86
1073.41
113335.92
33122.17
1429.25
1266.03
142856.56
32266.97
144018.13
1069.71
59146.89
17254.65
553.72
55223.58
32164.23
47413.88
1011.95
1276.27
1046.80
17926.91
67755.57
1302.34
91944.30
80557.36
982.33
1289.00
36999.01
1315.76
1059.18
1027.52
1255.50
1064.72
1811.76
10194.54
825.62
24494.48
103200.59
1359.66
96204.80
2659.13
1045.79
68728.58
93127.59
68758.81
105351.71
106327.39
1245.20
557.23
29427.91
1147.26
127344.54
956.20
127833.72
22285.91
47822.86
1284.73
49520.54
71803.71
1002.34
36000.94
45770.15
54603.03
55946.35
639.46
61500.22
21972.08
1076.07
40597.95
86068.96
42498.26
83591.72
115571.48
36436.33
27491.72
33624.44
2546.06
41126.81
1249.83
1098.21
1266.62
120468.88
57450.00
34152.57
1275.72
35475.48
30483.57
18044.39
828.50
103374.65
41775.62
1274.92
65702.14
27522.80
47566.05
89631.71
51548.97
40357.84
62293.11
89214.58
1056.18
94094.57
881.70
49612.34
10486.51
24652.33
1483.79
33380.45
43077.13
42159.32
74341.48
40658.87
1254.27
1227.10
93827.24
1270.70
57459.10
44483.05
28316.63
320.12
28540.12
32452.62
1070.42
23136.07
1034.76
44126.74
98164.74
1253.78
1299.40
22854.67
69161.78
42335.38
48007.21
37305.91
992.93
27547.68
1216.77
103948.43
1062.75
1250.89
12696.56
35265.30
112317.21
119833.40
1229.75
15532.55
50822.58
109528.92
837.14
117981.30
100827.58
1266.55
1068.34
1260.87
70417.32
783.28
39305.01
58525.60
103828.40
40908.10
1249.46
46700.12
43864.97
102678.44
67532.62
1056.77
30771.99
63718.62
55800.08
56200.37
626.16
25046.66
24943.54
84516.42
146405.36
176.68
30.97
66227.08
42279.47
26122.31
32459.54
1272.43
1053.41
53187.42
29423.70
108315.40
146215.45
389.53
12532.72
36074.46
97591.47
26495.45
1051.30
656.03
1069.71
39673.47
1277.46
66269.07
1430.72
112105.39
71174.42
39955.43
95860.10
1272.77
85226.73
11644.34
73424.85
1260.27
1463.60
22240.94
129271.43
1244.22
868.78
1018.29
1843.51
79160.26
41044.20
1104.53
137725.50
1282.66
143849.68
99526.18
876.43
938.90
1480.22
1280.52
50948.65
1253.79
36285.16
66253.38
801.22
1279.86
1048.57
27618.46
1250.04
64053.73
990.91
1018.69
1269.75
1009.86
122873.91
29678.75
44777.55
58300.54
12801.08
88130.77
103845.85
32919.00
37439.86
741.03
128257.29
1248.70
1003.55
1296.22
1246.99
40499.52
53315.72
1253.30
48634.98
35772.33
34516.34
87971.40
736.70
72663.12
24777.55
78789.26
1248.94
56203.39
1481.98
39480.68
23839.11
69921.13
53437.38
59348.52
650.01
19830.85
32968.71
42900.03
1287.98
1230.97
16662.56
1263.19
53021.05
69468.04
83898.03
968.45
1133.90
32873.62
1109.82
76597.30
55165.92
68064.79
789.54
118006.14
817.98
28671.81
1264.99
53761.54
1027.30
58698.67
48108.76
874.48
283.48
1238.78
1264.15
15939.68
989.94
88408.01
22932.45
1186.86
48897.07
1268.80
98471.83
1066.84
40283.83
1250.32
27964.56
28874.17
1191.39
47545.84
1249.45
18595.40
1052.99
890.06
51635.35
1479.71
34942.25
61072.01
21792.80
30513.82
76623.32
44543.36
1276.41
34277.38
1084.02
68348.15
102487.95
851.85
18679.76
985.81
1148.07
44954.91
1116.56
5571.81
105360.74
54386.01
1059.78
1041.47
5603.45
1206.35
9180.93
85074.83
28606.53
81692.13
17028.93
1052.43
1249.91
55257.47
65374.54
1010.84
1254.26
59289.52
987.57
48747.41
86426.07
1061.47
1054.70
103521.60
1251.07
1023.82
34808.75
1056.05
1032.24
1267.83
131134.95
17234.86
16940.26
11174.72
77274.33
131887.66
761.92
1007.94
89926.03
293.78
55459.88
88609.16
1147.23
66719.81
913.73
26947.75
20389.69
1026.51
1259.90
1249.18
15946.08
67371.73
1037.46
950.60
71870.56
12142.72
87293.64
15284.42
42280.54
37020.83
50152.83
1244.62
34620.65
43534.09
17646.03
28316.27
49631.42
32792.19
1137.21
57273.74
1251.61
58021.91
3.03
91164.64
103760.27
75817.21
1241.85
51029.44
42574.25
15744.63
98217.09
883.17
138472.71
67146.79
25864.42
35428.87
145896.79
66.48
247.84
18325.19
55328.17
34795.88
44964.21
873.32
49209.20
26981.76
32159.30
66115.27
80651.14
35686.11
20263.14
48587.04
125365.87
134821.49
24805.65
45228.06
34789.52
40975.82
44611.84
26253.36
26416.25
1244.59
36618.67
36734.74
63832.71
38967.89
61944.43
17908.15
18269.00
19430.72
20035.13
2474.61
3287.26
44838.73
36127.05
40118.77
38147.43
94624.28
17394.92
1189.20
73426.79
31948.67
112855.46
31714.99
