4480.94
7780.89
16968.82
11634.60
2629.90
3411.41
4634.28
5366.28
16875.82
2713.42
5347.06
2541.42
12594.60
8115.57
6623.49
3669.48
4574.90
5178.31
15412.05
2599.05
6360.80
5346.82
12645.88
2153.75
2852.35
3278.93
4567.72
2288.91
9460.76
7422.60
13894.27
8689.80
11455.73
4593.76
8021.02
3411.83
2071.67
4337.65
9096.15
5752.27
9406.82
12494.56
5565.17
7849.16
10222.76
4585.57
5853.08
3332.20
3507.73
6481.63
10997.60
5613.31
1.38
4680.55
2367.17
9176.48
3.12
4706.95
4157.52
13181.21
4217.43
9362.28
4193.20
10204.82
3223.87
3983.61
9485.10
5622.17
9040.82
8966.61
9420.46
2291.18
2376.21
2791.26
2998.09
7725.34
1.33
5767.63
3994.25
1.37
10062.89
7172.31
1.34
12182.15
5956.08
1.37
2.24
4433.76
681.66
1.67
9188.28
1.34
4044.30
0.53
8317.84
3761.44
2.28
5914.91
2.66
1.91
7229.45
5027.69
5681.42
9564.20
1.36
3196.44
10422.62
1.55
3701.84
10397.04
5558.36
1.71
16867.86
3.61
661.26
1.75
5637.05
1.25
1.35
6105.54
12328.84
1.80
2055.61
5048.47
712.35
3569.31
7860.27
6461.41
8943.34
1.58
1.49
10392.46
0.81
1.20
3969.72
3996.80
12639.46
4229.04
23.73
11589.22
4906.47
2476.02
1.47
4608.20
0.52
6928.37
1.59
1.64
0.28
5472.52
6166.15
7306.54
4.93
3.15
8130.70
1.60
8133.00
10589.24
2327.19
11370.68
1.52
2455.02
6913.42
0.17
4636.62
10361.87
43.96
1.66
2.43
4623.97
2.05
4789.38
4.50
3575.84
2673.42
7615.99
1.40
656.32
3950.45
3629.07
10910.05
1.66
2786.43
2.18
6136.12
9097.51
1.08
3851.20
6919.58
2.17
6454.36
11279.10
2.04
2388.87
1.15
14422.67
6272.44
2.86
1639.71
2.52
0.97
9343.76
1.07
1.18
1.65
1.87
5333.79
2.84
2.23
1.89
6323.40
25.61
692.81
5714.54
671.13
3138.83
2153.18
4041.68
4900.05
7360.96
8828.75
0.91
1.01
2.52
6154.90
12.80
3.53
1.22
3074.17
1.78
1.69
4.38
6159.05
2.95
3.04
4148.58
4296.58
1.50
5952.57
6.28
2.43
1.52
3206.77
3.18
10605.43
1.60
4667.93
6355.74
1.95
3.74
3912.24
2.73
1.55
9538.52
1.35
1.49
1.67
7038.70
1.04
2583.54
8647.04
4411.82
3844.82
6272.47
1.51
3777.39
2.37
2.23
1.66
4717.83
21.33
4194.85
1.90
655.59
4093.51
0.86
8245.56
3.08
8.40
799.75
2.67
4550.58
2333.41
2.51
2796.32
3356.69
1.35
4840.12
0.07
2.22
3206.71
8.60
2682.38
2.55
2.51
2.38
1.21
3.56
4.09
16852.97
3.35
2850.52
2.00
3.71
13112.33
1.96
4179.19
1810.98
5.68
2.16
16588.99
1.96
4062.53
16844.94
20.79
4.12
7054.65
2862.36
1.31
678.26
6645.21
1.04
4111.94
1.42
1.91
2.44
1.87
5828.15
1.47
2.63
3.60
2962.66
5.91
7950.04
2.11
2.30
2.65
10730.77
9557.87
1.46
4.72
4617.48
36.26
1.74
3.22
684.48
8.87
18.63
2.92
1.17
7.61
778.30
2240.70
1.17
3412.57
11976.78
2.51
1.73
2.25
11156.37
1.65
2.21
684.72
3.76
8123.55
10847.71
1.44
1.90
8010.65
1.22
67.79
12255.91
1.18
12325.33
5.14
3.23
3.64
5.31
3936.29
3.64
14831.26
3.26
1.64
14837.53
3009.53
1.08
5698.97
3.68
8.20
5845.83
12.31
8459.45
2.66
4537.56
1.84
5519.73
0.44
6588.32
10.20
2.03
2.03
6.04
506.31
6659.83
1.51
7364.62
3038.31
2.07
16.02
4991.20
2.47
10072.67
1.27
5542.43
1.44
9710.12
1.58
13421.35
1.23
4505.87
3610.86
4113.29
728.54
2.02
1.99
5155.80
3.64
169.97
3.57
2.50
13973.67
5.38
6970.85
0.75
4276.70
0.25
2.57
4484.19
4243.07
3002.22
0.70
3.93
12172.10
8.74
5121.38
1.27
2.56
7987.90
1.19
3504.70
0.27
1.32
0.99
5849.18
10555.78
1.72
7.18
6154.60
5275.92
2.42
7418.85
14.05
10592.56
0.34
1.19
1.77
2.45
11181.00
2.09
5860.40
2310.95
1.25
3274.36
4.67
2.84
4539.70
2.12
5199.97
51.43
0.34
5130.22
5.20
8779.91
1.59
3.07
5109.87
3.47
2.76
10903.66
1.34
2.43
1.85
2.95
6926.40
1.36
5335.83
0.09
3639.16
1.97
3536.51
1.40
4330.22
1.80
3.13
3396.28
3.38
1.43
5284.78
1.34
11396.02
3.00
3.59
3526.72
5.05
8090.87
5170.53
2.03
5733.22
5.06
4700.34
0.67
3.77
5.90
3632.96
2.57
5.41
12176.67
1.24
12.50
2.75
2455.58
4487.82
1.72
1.93
13102.68
52.08
13967.64
1.36
3.72
0.90
1.81
2.06
2655.54
2.60
6058.33
1.58
12928.77
1.79
2.65
630.20
1.98
13855.07
2.14
11896.27
1.59
2.59
1.13
0.42
2.75
8351.16
2.08
4751.98
2.75
1.19
1.77
7041.21
12269.85
1.25
5117.89
12.61
5716.10
1.71
5367.46
11957.80
5.22
7967.99
1.42
2.73
3847.80
7582.40
6652.06
97.64
6608.12
3.00
1.85
1.68
0.45
3378.60
656.83
3460.17
1.86
10000.88
16923.99
20.83
13.57
7814.12
5209.92
2.37
3501.35
2.28
4128.50
7.89
2.71
1.75
2.74
6684.53
3662.96
178.61
12794.84
1.66
16903.61
2.68
1.75
1.71
2641.25
4436.31
0.62
19.78
11367.23
2.63
3734.91
1.38
3.40
1.98
2.07
2.05
5206.06
3.35
7773.71
3.20
1.44
13182.37
8323.78
3.99
4792.61
11131.56
6.71
3.00
9944.21
1.56
2643.55
0.78
8.73
1.39
8586.63
1.46
3.81
1.93
3334.36
14974.54
1.67
4.21
1.65
5.12
1.07
1.43
682.57
2.30
9381.29
0.19
5108.59
2.40
1.63
16155.46
3.98
1.38
16786.24
1.27
11609.36
8.99
1.69
1.72
3.19
2.59
6087.46
1.69
3.55
4518.90
7963.37
1.21
649.41
3.15
2.40
3638.25
1.52
2.68
7526.80
2.28
0.55
2.45
3.70
14427.78
3.09
4127.07
10.54
5408.76
1.68
6978.30
1.70
2393.32
2.08
10286.57
1.19
1.44
12075.68
4043.51
1.80
4733.02
3.80
0.77
1.64
2.50
15001.51
2.60
1.66
2.38
1199.17
2.91
1.82
3.36
656.93
4915.25
1.87
6406.17
0.50
1.23
2.94
5956.22
1.89
2.17
4462.92
0.31
2.27
2.38
4254.59
0.90
10195.39
1.51
8711.10
0.02
3349.66
0.85
9360.54
11.79
4.15
6608.24
4.17
1.81
1.57
4860.46
2.08
3509.94
8170.69
1.52
6395.40
7069.78
7.15
3099.36
52.76
4495.54
5236.49
0.43
4.67
2.90
1.73
357.71
2779.88
7.98
1.78
6421.73
3.77
8223.43
9737.01
2.11
2.11
4176.92
1.57
9028.42
2.00
6695.91
1.28
0.26
2.30
7968.38
7.03
13842.62
2.41
3745.66
51.69
3.28
6288.78
1.79
6972.75
2.53
5836.76
0.34
293.18
1.64
4.75
2.59
3.06
2679.58
1.24
1.82
10428.16
1.21
3338.58
0.06
5962.31
2.07
11643.26
2.59
5032.89
1.11
2.21
2.99
3609.56
3715.12
2.91
1.24
5782.30
1.25
2.75
2381.55
2.32
3.27
292.83
6357.89
2.62
2.34
4428.74
7134.70
10.96
2770.84
4079.82
1.22
9014.12
0.60
5346.79
2.14
4367.18
2.40
8023.86
0.72
11891.08
0.24
4.14
2791.23
2.74
610.98
5450.22
3.26
1.79
2447.54
1.13
1.23
12323.16
674.06
6425.76
0.86
1.39
18.75
1529.07
3.04
2430.54
9936.97
3.48
3515.57
9742.39
2.33
2846.76
2.38
3.24
115.02
2.58
6563.02
10.60
7700.92
2.61
3.78
2.37
7067.00
1.48
0.55
6051.09
10215.43
0.69
1.90
2.76
12171.13
1.49
1.17
2.91
4313.80
1.85
12.06
1.65
15224.46
2753.91
1.78
2789.86
33.72
1.19
2608.61
1.87
9107.80
12.38
15235.76
1.80
3.74
10425.40
1.44
6622.03
10471.20
5.68
7867.77
2.12
8.08
3376.91
0.42
2935.70
2.19
2.36
0.81
2.71
2.79
2.56
2572.25
1.38
476.60
8095.78
0.78
4.04
1.21
8587.36
4.59
2153.92
1.25
2.24
10265.53
1.54
2922.16
1.74
5025.90
1.52
1.81
5037.59
0.96
12.17
6125.10
1.75
1.88
4538.47
5254.63
3124.49
1.63
3641.40
5948.44
4099.69
3.34
6743.70
3.69
6837.43
2.10
19.14
1.55
10702.95
704.33
12090.09
8943.28
2.14
4.36
6181.99
98.23
5198.81
21.97
2662.37
11389.96
8.07
2.22
16273.25
7912.59
3190.66
4458.72
1.43
2.62
16916.85
5.01
7.21
2.67
2.19
2807.99
6515.99
1.12
2.22
2.89
4384.61
1.20
5375.39
14.65
6016.37
0.89
3646.25
4056.21
0.88
7749.42
1.26
3.87
9564.09
0.87
4514.64
2757.57
5.79
1.59
2.40
5782.79
10.29
14548.91
15764.72
0.74
3370.20
0.05
5510.66
1.84
0.57
4313.00
0.70
3.36
4978.49
2.21
1.98
5366.87
2.25
3387.85
14.02
3674.52
0.36
3.27
4531.16
0.89
4661.13
7555.21
1.40
4806.65
7259.14
2840.36
1.60
2663.39
1.62
2890.09
