858.72
1041.03
919.03
1701.52
212.35
602.58
1061.93
663.76
870.87
698.91
1235.82
687.07
998.53
635.74
1291.78
836.79
584.96
672.01
780.02
722.74
822.50
904.55
655.75
1083.77
887.20
677.49
986.96
861.43
757.86
772.86
1095.90
1247.94
555.36
738.94
1032.36
1132.61
676.25
860.75
950.23
490.17
1314.83
603.04
862.98
920.41
1521.74
1116.29
710.37
653.35
749.91
468.86
919.10
678.12
745.97
868.35
819.46
1469.63
326.21
524.40
976.83
817.24
695.77
847.03
883.73
1102.04
660.00
939.64
1029.94
680.51
1151.25
647.27
1097.83
750.84
839.35
597.21
1172.18
1326.93
433.86
859.72
856.01
882.19
642.16
909.76
859.45
996.71
1008.12
845.27
693.38
755.72
1491.59
177.04
986.81
977.50
527.97
1154.20
642.83
856.67
976.75
548.97
736.97
961.11
708.02
849.68
655.59
426.99
646.59
1155.69
505.83
677.04
765.80
828.58
1245.04
39.58
1008.99
624.10
685.46
951.41
768.23
746.80
932.65
445.46
726.25
449.08
1219.98
466.13
1024.65
800.08
417.62
926.37
56.25
858.22
1058.80
720.91
638.88
692.33
424.00
755.66
729.90
632.42
11021.34
5893.44
960.10
436.51
1245.30
558.39
626.07
537.72
780.73
20941.44
12700.64
703.72
474.07
723.51
260.08
922.27
659.60
531.44
770.14
778.12
824.07
569.85
661.80
622.20
681.69
586.85
69.57
686.71
908.35
791.09
496.70
641.92
867.47
1079.34
662.01
583.51
551.48
604.22
911.49
506.54
596.04
802.57
844.47
727.89
557.98
644.54
465.74
615.14
853.48
938.44
362.66
792.18
927.10
622.10
706.08
303.73
557.47
831.24
395.00
661.85
704.53
781.58
511.53
860.57
490.65
606.92
538.86
708.46
578.34
505.96
638.12
731.16
547.09
552.14
518.87
634.38
504.88
704.36
726.98
460.28
12746.45
8002.84
581.08
11095.93
7287.77
584.63
326.47
780.69
616.11
495.23
551.17
11372.02
6814.12
369.04
441.39
637.70
848.98
488.65
514.01
735.18
624.36
373.03
561.30
490.32
734.84
583.99
713.83
369.15
552.08
575.02
380.49
698.83
660.02
260.23
582.84
675.62
524.49
891.10
628.63
311.88
457.35
742.49
291.27
497.09
523.50
769.83
253.81
507.37
10701.37
7109.70
405.79
428.07
516.31
318.52
663.41
583.88
263.77
1077.45
170.71
685.41
177.71
464.29
415.95
701.48
335.42
299.99
763.63
255.36
493.62
424.72
550.33
466.88
489.21
436.10
216.89
481.58
286.11
543.60
382.11
466.21
534.59
216.95
385.17
608.17
521.04
324.79
648.43
517.14
386.16
405.37
525.40
444.34
200.82
450.94
627.80
265.08
435.44
450.00
431.69
417.68
326.75
422.90
287.54
479.43
361.44
549.20
217.92
396.46
414.39
433.93
388.09
344.50
345.85
485.34
260.36
255.96
437.48
309.85
376.40
195.09
377.34
645.85
205.61
467.51
381.90
414.88
199.89
427.40
489.07
465.13
303.87
261.77
304.69
430.69
408.49
308.75
457.54
234.21
44.10
592.78
200.39
391.79
219.31
167.19
394.44
424.80
205.00
354.74
489.32
258.00
352.25
86.78
283.69
334.26
354.28
392.65
494.64
397.37
258.18
356.67
420.88
290.92
207.48
392.18
276.86
279.55
440.64
99.78
188.64
438.17
346.61
108.29
331.47
274.33
302.99
314.13
232.70
109.55
258.96
201.78
448.55
294.44
224.65
199.76
259.44
454.88
594.27
181.86
181.18
534.72
96.94
265.52
165.50
286.78
190.16
350.96
222.77
74.12
216.21
269.42
345.38
261.18
198.20
212.44
281.08
208.62
272.13
177.20
365.45
128.82
496.92
491.68
10.77
399.60
118.36
243.39
264.06
157.73
197.12
123.00
2.99
119.31
201.63
119.64
303.52
247.02
99.64
366.14
177.32
58.77
216.11
179.60
174.07
136.96
157.62
194.03
197.05
244.23
165.98
45.10
154.52
105.28
118.75
148.08
266.53
155.28
176.69
137.83
79.46
149.57
110.48
182.77
203.21
133.93
126.19
174.58
124.64
116.23
254.77
152.62
137.76
183.75
121.89
294.00
69.62
402.50
213.04
161.69
203.77
36.03
4314.44
5321.63
58.69
173.45
593.78
718.80
148.73
130.32
126.59
212.14
151.46
106.64
132.62
134.21
142.04
4.88
125.35
118.28
25.49
133.01
98.07
95.04
169.24
18.20
19.33
78.83
127.46
193.46
82.31
60.83
60.50
77.36
10.04
14.65
38.35
48.52
119.95
46.26
23.13
41.88
49.78
65.18
658.64
53.42
21.85
70.55
117.03
94.45
38.08
64.20
49.94
47.07
45.95
2.91
31.28
89.31
4.69
72.72
88.92
3.30
22.49
19.74
144.20
34.03
50.28
1.14
14.86
18.62
15.90
70.02
32.23
11.18
14.35
79.69
42.70
71.68
17.49
10.12
18.35
38.62
0.50
9.45
48.69
52.03
3.07
47.81
7.65
91.81
17.84
38.76
21.43
37.26
20.23
15.96
22.12
25.08
72.95
27.94
80.68
12.59
28.71
36.57
6.76
22.77
20.67
14.92
30.66
38.00
4.55
10.62
15.78
20.11
31.56
22.05
10.17
539.88
7.29
20.32
46.73
25.77
22.04
32.71
23.96
4.72
27.97
121.62
13.42
10.58
8.16
7.37
4.39
19.51
272.31
6.71
15.38
58.11
355.46
13.37
1.92
254.59
6.96
4.33
31.86
6.61
11.73
22.19
14.43
0.23
5.19
3.60
29.11
8.21
39.79
8.41
55.81
6.25
46.82
10.20
1.55
1.42
31.34
19.36
7.04
0.77
67.84
50.67
7.49
13.67
33.46
0.79
10.58
14.84
1.41
5.57
16.63
10.65
28.87
16.43
43.11
18.63
20.28
0.10
31.00
42.41
13.07
2.33
23.67
11.85
15.15
39.20
0.82
1.27
8.89
18.98
20.63
2.00
27.03
5.22
3.31
10.82
17.58
14.93
2.25
0.81
14.62
87.11
19.99
32.94
8.37
3.52
25.37
19.45
16.60
16.08
155.23
16.44
8.45
29.15
9.17
13.08
20.08
8.96
27.11
28.08
37.05
16.19
15.82
45.96
0.81
10.29
9.47
15.93
19.08
48.55
20.07
20.81
7.42
103.17
5.00
17.90
14.08
17.91
30.31
3.55
29.70
39.76
19.52
23.67
2.23
2.79
16.53
3.66
1311.60
33.04
49.85
21.97
23.14
1.94
16.03
4.09
135.19
0.13
13.13
20.70
145.05
16.20
27.11
18.42
3.40
87.30
8.39
26.60
52.72
6.52
23.10
12.52
7.05
64.19
12.02
0.19
14.59
7.61
70.34
15.74
7.80
71.04
15.21
96.34
9.35
13.96
19.37
30.91
1.55
4.44
15.81
1.72
32.58
10.70
16.20
77.44
12.74
94.74
26.43
14.75
24.38
34.31
4.67
19.07
21.02
12.92
340.73
45.02
32.12
4.24
43.85
7.00
18.06
27.14
0.58
18.67
0.59
1.13
28.55
1.71
258.47
5.77
3.87
18.09
626.61
7.17
3.57
70.33
37.79
8.83
26.78
10.46
11.64
6.76
15.52
4.49
5.54
1.05
3.04
17.82
4.50
28.06
18.87
9.11
8.73
0.10
129.41
0.54
23.56
8.59
14.89
10.49
13.10
1.03
24.18
8.86
11.35
28.18
11.92
10.87
3.70
1.60
4.47
9.27
43.64
72.73
15.90
14.05
394.96
3.88
6.87
20.00
17.87
6.02
0.86
12.65
7.72
0.79
21.50
12.52
105.57
5.49
17.28
37.84
28.06
9.37
3.15
15.67
10.11
29.66
16.69
9.40
25.72
12.85
19.92
13.17
10.99
11.57
4.31
11.24
61.52
11.49
1.62
114.37
46.18
16.43
5.73
28.94
0.68
13.55
8.88
22.92
14.75
262.27
5.57
58.91
35.28
2.76
5.52
13.73
11.30
47.72
10.58
196.35
14.04
183.81
153.22
7.77
21.26
14.93
24.11
30.24
15.36
8.35
11.09
20.71
58.72
25.94
11.81
15.68
29.52
8.26
14.63
1.67
10.02
32.67
9.53
32.41
26.08
4.76
27.06
9.43
13.79
32.19
5.43
0.01
4.44
11.70
28.07
9.99
5.12
13.55
12.24
53.14
26.87
29.17
15.69
20.19
6.82
16.96
157.89
113.92
91.52
150.90
9.91
69.52
4.12
18.39
27.09
9.98
1.36
4.81
102.16
5.16
88.18
16.60
27.02
13.80
84.54
257.17
6.95
14.61
45.93
27.55
19.41
15.33
16.53
10.32
1.38
27.12
28.02
5.90
5.22
48.26
176.23
21.39
41.04
21.24
